{
 "cells": [
  {
   "cell_type": "code",
   "execution_count": 8,
   "metadata": {},
   "outputs": [],
   "source": [
    "import datetime as dt\n",
    "import pandas as pd\n",
    "import matplotlib.pyplot as plt\n",
    "from matplotlib.offsetbox import OffsetImage, AnnotationBbox\n",
    "import seaborn as sns\n",
    "from packages.japanize import japanize\n",
    "import packages.db as db\n",
    "from packages.i18n import Locale, Translator\n",
    "import packages.image as image\n",
    "import packages.definitions as d\n",
    "import packages.utils as u\n",
    "import packages.visualize as v\n",
    "\n",
    "locale = Locale.JA\n",
    "lobby = d.Lobby.XMATCH\n",
    "date_from = dt.date(2023, 4, 1)\n",
    "date_to = dt.date(2023, 5, 13)\n",
    "battles = db.load_battles(lobby=lobby, date_from=date_from, date_to=date_to)\n",
    "players = u.to_players(battles)"
   ]
  },
  {
   "attachments": {},
   "cell_type": "markdown",
   "metadata": {},
   "source": [
    "### ブキ統計量を求める\n",
    "\n",
    "- 1分あたりのキル\n",
    "- 1分あたりのアシスト\n",
    "- 1分あたりのデス\n",
    "- 1分あたりのスペシャル\n",
    "- 1分あたりの塗り面積\n"
   ]
  },
  {
   "cell_type": "code",
   "execution_count": 9,
   "metadata": {},
   "outputs": [
    {
     "data": {
      "text/html": [
       "<div>\n",
       "<style scoped>\n",
       "    .dataframe tbody tr th:only-of-type {\n",
       "        vertical-align: middle;\n",
       "    }\n",
       "\n",
       "    .dataframe tbody tr th {\n",
       "        vertical-align: top;\n",
       "    }\n",
       "\n",
       "    .dataframe thead th {\n",
       "        text-align: right;\n",
       "    }\n",
       "</style>\n",
       "<table border=\"1\" class=\"dataframe\">\n",
       "  <thead>\n",
       "    <tr style=\"text-align: right;\">\n",
       "      <th></th>\n",
       "      <th></th>\n",
       "      <th>kill</th>\n",
       "      <th>assist</th>\n",
       "      <th>death</th>\n",
       "      <th>special</th>\n",
       "      <th>inked</th>\n",
       "    </tr>\n",
       "    <tr>\n",
       "      <th>mode</th>\n",
       "      <th>weapon</th>\n",
       "      <th></th>\n",
       "      <th></th>\n",
       "      <th></th>\n",
       "      <th></th>\n",
       "      <th></th>\n",
       "    </tr>\n",
       "  </thead>\n",
       "  <tbody>\n",
       "    <tr>\n",
       "      <th rowspan=\"5\" valign=\"top\">area</th>\n",
       "      <th>52gal</th>\n",
       "      <td>1.664972</td>\n",
       "      <td>0.392051</td>\n",
       "      <td>1.614945</td>\n",
       "      <td>0.945915</td>\n",
       "      <td>246.352029</td>\n",
       "    </tr>\n",
       "    <tr>\n",
       "      <th>96gal</th>\n",
       "      <td>1.352556</td>\n",
       "      <td>0.370015</td>\n",
       "      <td>1.317555</td>\n",
       "      <td>0.970040</td>\n",
       "      <td>265.496062</td>\n",
       "    </tr>\n",
       "    <tr>\n",
       "      <th>96gal_deco</th>\n",
       "      <td>1.493290</td>\n",
       "      <td>0.273381</td>\n",
       "      <td>1.308607</td>\n",
       "      <td>0.806194</td>\n",
       "      <td>233.653724</td>\n",
       "    </tr>\n",
       "    <tr>\n",
       "      <th>bamboo14mk1</th>\n",
       "      <td>1.183707</td>\n",
       "      <td>0.558053</td>\n",
       "      <td>1.158184</td>\n",
       "      <td>1.046435</td>\n",
       "      <td>255.717915</td>\n",
       "    </tr>\n",
       "    <tr>\n",
       "      <th>barrelspinner</th>\n",
       "      <td>1.101574</td>\n",
       "      <td>0.563562</td>\n",
       "      <td>1.076798</td>\n",
       "      <td>1.061004</td>\n",
       "      <td>280.280297</td>\n",
       "    </tr>\n",
       "    <tr>\n",
       "      <th>...</th>\n",
       "      <th>...</th>\n",
       "      <td>...</td>\n",
       "      <td>...</td>\n",
       "      <td>...</td>\n",
       "      <td>...</td>\n",
       "      <td>...</td>\n",
       "    </tr>\n",
       "    <tr>\n",
       "      <th rowspan=\"5\" valign=\"top\">yagura</th>\n",
       "      <th>sshooter_collabo</th>\n",
       "      <td>1.623757</td>\n",
       "      <td>0.418188</td>\n",
       "      <td>1.518440</td>\n",
       "      <td>0.956344</td>\n",
       "      <td>262.809956</td>\n",
       "    </tr>\n",
       "    <tr>\n",
       "      <th>tristringer</th>\n",
       "      <td>0.971176</td>\n",
       "      <td>0.865659</td>\n",
       "      <td>1.054550</td>\n",
       "      <td>1.025357</td>\n",
       "      <td>212.751046</td>\n",
       "    </tr>\n",
       "    <tr>\n",
       "      <th>variableroller</th>\n",
       "      <td>1.467247</td>\n",
       "      <td>0.389699</td>\n",
       "      <td>1.443250</td>\n",
       "      <td>0.962824</td>\n",
       "      <td>276.032774</td>\n",
       "    </tr>\n",
       "    <tr>\n",
       "      <th>wakaba</th>\n",
       "      <td>1.204952</td>\n",
       "      <td>0.470935</td>\n",
       "      <td>1.459571</td>\n",
       "      <td>0.900431</td>\n",
       "      <td>277.455515</td>\n",
       "    </tr>\n",
       "    <tr>\n",
       "      <th>wideroller</th>\n",
       "      <td>1.196273</td>\n",
       "      <td>0.485923</td>\n",
       "      <td>1.750326</td>\n",
       "      <td>0.701333</td>\n",
       "      <td>213.369402</td>\n",
       "    </tr>\n",
       "  </tbody>\n",
       "</table>\n",
       "<p>316 rows × 5 columns</p>\n",
       "</div>"
      ],
      "text/plain": [
       "                             kill    assist     death   special       inked\n",
       "mode   weapon                                                              \n",
       "area   52gal             1.664972  0.392051  1.614945  0.945915  246.352029\n",
       "       96gal             1.352556  0.370015  1.317555  0.970040  265.496062\n",
       "       96gal_deco        1.493290  0.273381  1.308607  0.806194  233.653724\n",
       "       bamboo14mk1       1.183707  0.558053  1.158184  1.046435  255.717915\n",
       "       barrelspinner     1.101574  0.563562  1.076798  1.061004  280.280297\n",
       "...                           ...       ...       ...       ...         ...\n",
       "yagura sshooter_collabo  1.623757  0.418188  1.518440  0.956344  262.809956\n",
       "       tristringer       0.971176  0.865659  1.054550  1.025357  212.751046\n",
       "       variableroller    1.467247  0.389699  1.443250  0.962824  276.032774\n",
       "       wakaba            1.204952  0.470935  1.459571  0.900431  277.455515\n",
       "       wideroller        1.196273  0.485923  1.750326  0.701333  213.369402\n",
       "\n",
       "[316 rows x 5 columns]"
      ]
     },
     "execution_count": 9,
     "metadata": {},
     "output_type": "execute_result"
    }
   ],
   "source": [
    "result_cols = [\"kill\", \"assist\", \"death\", \"special\", \"inked\"]\n",
    "weapon_stat = players.groupby([\"mode\", \"weapon\"])[result_cols + [\"time\"]].sum()\n",
    "\n",
    "for col in result_cols:\n",
    "    weapon_stat[col] = weapon_stat[col] / weapon_stat[\"time\"] * 60\n",
    "\n",
    "weapon_stat = weapon_stat.drop(columns=\"time\")\n",
    "weapon_stat"
   ]
  },
  {
   "attachments": {},
   "cell_type": "markdown",
   "metadata": {},
   "source": [
    "### 相関係数を確認する"
   ]
  },
  {
   "cell_type": "code",
   "execution_count": 10,
   "metadata": {},
   "outputs": [
    {
     "data": {
      "text/html": [
       "<div>\n",
       "<style scoped>\n",
       "    .dataframe tbody tr th:only-of-type {\n",
       "        vertical-align: middle;\n",
       "    }\n",
       "\n",
       "    .dataframe tbody tr th {\n",
       "        vertical-align: top;\n",
       "    }\n",
       "\n",
       "    .dataframe thead th {\n",
       "        text-align: right;\n",
       "    }\n",
       "</style>\n",
       "<table border=\"1\" class=\"dataframe\">\n",
       "  <thead>\n",
       "    <tr style=\"text-align: right;\">\n",
       "      <th></th>\n",
       "      <th></th>\n",
       "      <th>kill</th>\n",
       "      <th>assist</th>\n",
       "      <th>death</th>\n",
       "      <th>special</th>\n",
       "      <th>inked</th>\n",
       "    </tr>\n",
       "    <tr>\n",
       "      <th>mode</th>\n",
       "      <th></th>\n",
       "      <th></th>\n",
       "      <th></th>\n",
       "      <th></th>\n",
       "      <th></th>\n",
       "      <th></th>\n",
       "    </tr>\n",
       "  </thead>\n",
       "  <tbody>\n",
       "    <tr>\n",
       "      <th rowspan=\"5\" valign=\"top\">area</th>\n",
       "      <th>kill</th>\n",
       "      <td>1.000000</td>\n",
       "      <td>-0.327512</td>\n",
       "      <td>0.713702</td>\n",
       "      <td>-0.607438</td>\n",
       "      <td>-0.536951</td>\n",
       "    </tr>\n",
       "    <tr>\n",
       "      <th>assist</th>\n",
       "      <td>-0.327512</td>\n",
       "      <td>1.000000</td>\n",
       "      <td>-0.077864</td>\n",
       "      <td>0.246982</td>\n",
       "      <td>0.208255</td>\n",
       "    </tr>\n",
       "    <tr>\n",
       "      <th>death</th>\n",
       "      <td>0.713702</td>\n",
       "      <td>-0.077864</td>\n",
       "      <td>1.000000</td>\n",
       "      <td>-0.425870</td>\n",
       "      <td>-0.278396</td>\n",
       "    </tr>\n",
       "    <tr>\n",
       "      <th>special</th>\n",
       "      <td>-0.607438</td>\n",
       "      <td>0.246982</td>\n",
       "      <td>-0.425870</td>\n",
       "      <td>1.000000</td>\n",
       "      <td>0.897021</td>\n",
       "    </tr>\n",
       "    <tr>\n",
       "      <th>inked</th>\n",
       "      <td>-0.536951</td>\n",
       "      <td>0.208255</td>\n",
       "      <td>-0.278396</td>\n",
       "      <td>0.897021</td>\n",
       "      <td>1.000000</td>\n",
       "    </tr>\n",
       "    <tr>\n",
       "      <th rowspan=\"5\" valign=\"top\">asari</th>\n",
       "      <th>kill</th>\n",
       "      <td>1.000000</td>\n",
       "      <td>-0.326575</td>\n",
       "      <td>0.650447</td>\n",
       "      <td>-0.550053</td>\n",
       "      <td>-0.380812</td>\n",
       "    </tr>\n",
       "    <tr>\n",
       "      <th>assist</th>\n",
       "      <td>-0.326575</td>\n",
       "      <td>1.000000</td>\n",
       "      <td>-0.096332</td>\n",
       "      <td>0.321025</td>\n",
       "      <td>0.251439</td>\n",
       "    </tr>\n",
       "    <tr>\n",
       "      <th>death</th>\n",
       "      <td>0.650447</td>\n",
       "      <td>-0.096332</td>\n",
       "      <td>1.000000</td>\n",
       "      <td>-0.385920</td>\n",
       "      <td>-0.173658</td>\n",
       "    </tr>\n",
       "    <tr>\n",
       "      <th>special</th>\n",
       "      <td>-0.550053</td>\n",
       "      <td>0.321025</td>\n",
       "      <td>-0.385920</td>\n",
       "      <td>1.000000</td>\n",
       "      <td>0.849177</td>\n",
       "    </tr>\n",
       "    <tr>\n",
       "      <th>inked</th>\n",
       "      <td>-0.380812</td>\n",
       "      <td>0.251439</td>\n",
       "      <td>-0.173658</td>\n",
       "      <td>0.849177</td>\n",
       "      <td>1.000000</td>\n",
       "    </tr>\n",
       "    <tr>\n",
       "      <th rowspan=\"5\" valign=\"top\">hoko</th>\n",
       "      <th>kill</th>\n",
       "      <td>1.000000</td>\n",
       "      <td>-0.338746</td>\n",
       "      <td>0.682788</td>\n",
       "      <td>-0.465079</td>\n",
       "      <td>-0.380597</td>\n",
       "    </tr>\n",
       "    <tr>\n",
       "      <th>assist</th>\n",
       "      <td>-0.338746</td>\n",
       "      <td>1.000000</td>\n",
       "      <td>-0.132500</td>\n",
       "      <td>0.300638</td>\n",
       "      <td>0.208055</td>\n",
       "    </tr>\n",
       "    <tr>\n",
       "      <th>death</th>\n",
       "      <td>0.682788</td>\n",
       "      <td>-0.132500</td>\n",
       "      <td>1.000000</td>\n",
       "      <td>-0.289978</td>\n",
       "      <td>-0.135419</td>\n",
       "    </tr>\n",
       "    <tr>\n",
       "      <th>special</th>\n",
       "      <td>-0.465079</td>\n",
       "      <td>0.300638</td>\n",
       "      <td>-0.289978</td>\n",
       "      <td>1.000000</td>\n",
       "      <td>0.874498</td>\n",
       "    </tr>\n",
       "    <tr>\n",
       "      <th>inked</th>\n",
       "      <td>-0.380597</td>\n",
       "      <td>0.208055</td>\n",
       "      <td>-0.135419</td>\n",
       "      <td>0.874498</td>\n",
       "      <td>1.000000</td>\n",
       "    </tr>\n",
       "    <tr>\n",
       "      <th rowspan=\"5\" valign=\"top\">yagura</th>\n",
       "      <th>kill</th>\n",
       "      <td>1.000000</td>\n",
       "      <td>-0.345175</td>\n",
       "      <td>0.684422</td>\n",
       "      <td>-0.420949</td>\n",
       "      <td>-0.326951</td>\n",
       "    </tr>\n",
       "    <tr>\n",
       "      <th>assist</th>\n",
       "      <td>-0.345175</td>\n",
       "      <td>1.000000</td>\n",
       "      <td>-0.142019</td>\n",
       "      <td>0.242429</td>\n",
       "      <td>0.175418</td>\n",
       "    </tr>\n",
       "    <tr>\n",
       "      <th>death</th>\n",
       "      <td>0.684422</td>\n",
       "      <td>-0.142019</td>\n",
       "      <td>1.000000</td>\n",
       "      <td>-0.390157</td>\n",
       "      <td>-0.234974</td>\n",
       "    </tr>\n",
       "    <tr>\n",
       "      <th>special</th>\n",
       "      <td>-0.420949</td>\n",
       "      <td>0.242429</td>\n",
       "      <td>-0.390157</td>\n",
       "      <td>1.000000</td>\n",
       "      <td>0.871699</td>\n",
       "    </tr>\n",
       "    <tr>\n",
       "      <th>inked</th>\n",
       "      <td>-0.326951</td>\n",
       "      <td>0.175418</td>\n",
       "      <td>-0.234974</td>\n",
       "      <td>0.871699</td>\n",
       "      <td>1.000000</td>\n",
       "    </tr>\n",
       "  </tbody>\n",
       "</table>\n",
       "</div>"
      ],
      "text/plain": [
       "                    kill    assist     death   special     inked\n",
       "mode                                                            \n",
       "area   kill     1.000000 -0.327512  0.713702 -0.607438 -0.536951\n",
       "       assist  -0.327512  1.000000 -0.077864  0.246982  0.208255\n",
       "       death    0.713702 -0.077864  1.000000 -0.425870 -0.278396\n",
       "       special -0.607438  0.246982 -0.425870  1.000000  0.897021\n",
       "       inked   -0.536951  0.208255 -0.278396  0.897021  1.000000\n",
       "asari  kill     1.000000 -0.326575  0.650447 -0.550053 -0.380812\n",
       "       assist  -0.326575  1.000000 -0.096332  0.321025  0.251439\n",
       "       death    0.650447 -0.096332  1.000000 -0.385920 -0.173658\n",
       "       special -0.550053  0.321025 -0.385920  1.000000  0.849177\n",
       "       inked   -0.380812  0.251439 -0.173658  0.849177  1.000000\n",
       "hoko   kill     1.000000 -0.338746  0.682788 -0.465079 -0.380597\n",
       "       assist  -0.338746  1.000000 -0.132500  0.300638  0.208055\n",
       "       death    0.682788 -0.132500  1.000000 -0.289978 -0.135419\n",
       "       special -0.465079  0.300638 -0.289978  1.000000  0.874498\n",
       "       inked   -0.380597  0.208055 -0.135419  0.874498  1.000000\n",
       "yagura kill     1.000000 -0.345175  0.684422 -0.420949 -0.326951\n",
       "       assist  -0.345175  1.000000 -0.142019  0.242429  0.175418\n",
       "       death    0.684422 -0.142019  1.000000 -0.390157 -0.234974\n",
       "       special -0.420949  0.242429 -0.390157  1.000000  0.871699\n",
       "       inked   -0.326951  0.175418 -0.234974  0.871699  1.000000"
      ]
     },
     "execution_count": 10,
     "metadata": {},
     "output_type": "execute_result"
    }
   ],
   "source": [
    "weapon_stat.groupby(\"mode\").corr()"
   ]
  },
  {
   "attachments": {},
   "cell_type": "markdown",
   "metadata": {},
   "source": [
    "### 主成分分析を行う"
   ]
  },
  {
   "cell_type": "code",
   "execution_count": 11,
   "metadata": {},
   "outputs": [
    {
     "data": {
      "text/html": [
       "<div>\n",
       "<style scoped>\n",
       "    .dataframe tbody tr th:only-of-type {\n",
       "        vertical-align: middle;\n",
       "    }\n",
       "\n",
       "    .dataframe tbody tr th {\n",
       "        vertical-align: top;\n",
       "    }\n",
       "\n",
       "    .dataframe thead th {\n",
       "        text-align: right;\n",
       "    }\n",
       "</style>\n",
       "<table border=\"1\" class=\"dataframe\">\n",
       "  <thead>\n",
       "    <tr style=\"text-align: right;\">\n",
       "      <th></th>\n",
       "      <th>pc1</th>\n",
       "      <th>pc2</th>\n",
       "      <th>pc3</th>\n",
       "      <th>pc4</th>\n",
       "      <th>pc5</th>\n",
       "    </tr>\n",
       "    <tr>\n",
       "      <th>mode</th>\n",
       "      <th></th>\n",
       "      <th></th>\n",
       "      <th></th>\n",
       "      <th></th>\n",
       "      <th></th>\n",
       "    </tr>\n",
       "  </thead>\n",
       "  <tbody>\n",
       "    <tr>\n",
       "      <th>area</th>\n",
       "      <td>0.570603</td>\n",
       "      <td>0.761397</td>\n",
       "      <td>0.939291</td>\n",
       "      <td>0.982897</td>\n",
       "      <td>1.0</td>\n",
       "    </tr>\n",
       "    <tr>\n",
       "      <th>yagura</th>\n",
       "      <td>0.520772</td>\n",
       "      <td>0.743098</td>\n",
       "      <td>0.920482</td>\n",
       "      <td>0.978067</td>\n",
       "      <td>1.0</td>\n",
       "    </tr>\n",
       "    <tr>\n",
       "      <th>hoko</th>\n",
       "      <td>0.518819</td>\n",
       "      <td>0.752184</td>\n",
       "      <td>0.924919</td>\n",
       "      <td>0.979071</td>\n",
       "      <td>1.0</td>\n",
       "    </tr>\n",
       "    <tr>\n",
       "      <th>asari</th>\n",
       "      <td>0.534995</td>\n",
       "      <td>0.747000</td>\n",
       "      <td>0.917460</td>\n",
       "      <td>0.976277</td>\n",
       "      <td>1.0</td>\n",
       "    </tr>\n",
       "  </tbody>\n",
       "</table>\n",
       "</div>"
      ],
      "text/plain": [
       "             pc1       pc2       pc3       pc4  pc5\n",
       "mode                                               \n",
       "area    0.570603  0.761397  0.939291  0.982897  1.0\n",
       "yagura  0.520772  0.743098  0.920482  0.978067  1.0\n",
       "hoko    0.518819  0.752184  0.924919  0.979071  1.0\n",
       "asari   0.534995  0.747000  0.917460  0.976277  1.0"
      ]
     },
     "execution_count": 11,
     "metadata": {},
     "output_type": "execute_result"
    }
   ],
   "source": [
    "from sklearn.decomposition import PCA\n",
    "\n",
    "def standardize(series: pd.Series) -> pd.Series:\n",
    "    return (series - series.mean()) / series.std()\n",
    "\n",
    "# ルールごとに主成分、累積寄与率、主成分負荷量を求める\n",
    "def mode_pca(mode: str, weapon_stat: pd.DataFrame):\n",
    "    df_mode = weapon_stat.loc[mode].reset_index()\n",
    "    df_z = df_mode.iloc[:,1:].apply(standardize)\n",
    "    dimension = len(df_z.columns)\n",
    "    pc_cols = [f\"pc{x+1}\" for x in range(dimension)]\n",
    "\n",
    "    pca = PCA()\n",
    "    pca.fit(df_z)\n",
    "\n",
    "    # 各ブキの主成分を求める\n",
    "    score = pd.DataFrame(pca.transform(df_z), columns=pc_cols)\n",
    "    score = pd.concat([df_mode.iloc[:,:1], score], axis=1)\n",
    "    score[\"mode\"] = mode\n",
    "\n",
    "    # 累積寄与率 cc_ratio を求める\n",
    "    ev_ratio = pd.DataFrame(pca.explained_variance_ratio_, index=pc_cols)\n",
    "    cc_ratio = ev_ratio.cumsum().T\n",
    "    cc_ratio[\"mode\"] = mode\n",
    "\n",
    "    # 主成分負荷量 eigen_vector を求める\n",
    "    eigen_vector = pd.DataFrame(pca.components_, columns=df_z.columns, index=pc_cols).reset_index().rename(columns={ \"index\": \"pc\" })\n",
    "    eigen_vector[\"mode\"] = mode\n",
    "\n",
    "    return score, cc_ratio, eigen_vector\n",
    "\n",
    "results = [mode_pca(x, weapon_stat) for x in d.MODE_ORDER]\n",
    "score = pd.concat([x[0] for x in results]).set_index([\"mode\", \"weapon\"])\n",
    "cc_ratio = pd.concat([x[1] for x in results]).set_index(\"mode\")\n",
    "eigen_vector = pd.concat([x[2] for x in results]).set_index([\"mode\", \"pc\"])\n",
    "\n",
    "cc_ratio"
   ]
  },
  {
   "attachments": {},
   "cell_type": "markdown",
   "metadata": {},
   "source": [
    "### 可視化する"
   ]
  },
  {
   "cell_type": "code",
   "execution_count": 12,
   "metadata": {},
   "outputs": [
    {
     "data": {
